88,82,83
89,83,84
90,84,85
91,85,86
92,86,87
93,87,88
94,88,89
95,89,90
96,90,91
97,91,92
98,92,93
99,93,94
100,94,95
101,95,96
102,96,97
103,97,98
104,98,99
105,99,100
107,101,102
108,102,103
111,105,106
113,107,108
115,211,110
116,110,111
117,111,112
118,112,113
119,113,114
120,114,115
121,115,116
123,117,118
127,114,122
128,122,123
131,123,126
132,126,127
133,127,128
134,128,129
135,129,130
136,130,131
137,131,132
138,132,133
139,133,134
143,137,138
144,138,139
145,139,140
146,140,141
161,141,156
162,156,157
163,157,158
164,158,159
165,159,160
166,116,161
167,161,117
168,118,162
169,162,119
170,112,163
171,163,164
172,164,165
174,166,167
175,167,168
176,168,169
177,169,170
178,170,171
179,171,172
180,169,173
181,173,174
182,174,175
183,175,176
184,176,177
185,177,213
187,179,180
188,180,181
189,175,182
190,182,183
191,183,184
192,100,185
193,185,101
195,186,104
196,132,220
198,188,218
200,190,191
201,191,192
202,192,193
203,134,194
204,194,195
205,195,196
207,197,198
208,198,199
209,199,200
211,201,135
212,134,202
213,202,201
214,108,203
216,203,215
217,211,166
218,215,211
219,220,188
220,218,190
221,82,221
222,221,222
223,222,223
224,223,224
225,224,225
226,225,226
227,226,227
228,227,228
229,228,229
230,229,230
231,230,231
232,231,232
233,232,233
234,233,234
235,234,235
236,235,236
239,448,442
240,442,241
241,241,444
242,242,243
243,243,244
244,244,245
245,245,246
246,246,247
247,247,248
248,248,249
249,249,250
250,250,251
251,251,252
252,252,253
253,253,254
254,254,255
255,255,256
256,256,257
257,257,258
258,258,259
259,259,260
260,260,261
261,261,262
262,262,263
263,263,264
264,264,265
265,265,266
266,266,267
267,267,268
268,268,269
269,269,270
270,270,271
271,271,272
272,272,273
273,273,274
274,274,275
275,275,276
276,276,277
277,277,278
278,278,279
279,279,280
280,280,282
282,282,283
283,283,284
284,284,285
285,285,286
286,286,287
287,287,288
288,288,289
289,289,290
290,290,291
291,291,292
292,292,293
293,293,294
294,294,295
295,295,296
296,296,297
297,297,298
298,298,300
299,300,329
300,237,301
301,301,302
302,302,303
303,303,304
304,304,305
305,305,306
306,306,307
307,307,308
308,308,309
309,309,310
310,310,311
311,311,312
312,312,313
313,313,314
314,314,315
315,315,160
316,236,316
317,316,317
318,317,318
319,318,319
320,319,320
321,320,321
322,321,322
323,322,323
324,323,324
325,324,325
326,325,326
327,326,327
328,327,328
330,326,330
331,330,331
332,331,332
333,332,333
334,333,334
335,334,335
336,335,336
337,336,337
338,337,338
339,338,339
340,339,340
341,340,341
342,341,342
343,342,343
344,344,345
345,345,346
346,346,347
347,347,348
348,348,349
349,349,350
350,350,351
351,351,352
352,352,353
353,353,354
354,354,355
355,355,356
356,356,357
357,357,358
358,358,326
359,343,359
360,380,360
362,361,362
363,362,363
365,364,365
366,362,366
367,362,367
368,365,368
369,365,369
373,372,373
375,374,375
377,376,377
379,378,344
380,359,380
382,381,378
383,500,370
385,448,383
386,383,384
387,384,385
388,385,386
389,386,387
390,387,388
391,388,389
392,389,390
393,390,391
394,391,392
396,213,179
397,106,393
398,393,107
399,190,394
402,396,197
404,393,397
405,397,398
406,398,399
407,399,400
408,113,401
409,401,205
410,123,402
411,402,124
413,444,242
426,124,416
427,416,125
428,205,417
429,417,155
432,394,396
434,366,370
436,380,420
437,420,381
438,100,425
439,425,105
442,103,426
443,426,186
444,392,237
445,329,328
446,137,449
447,449,450
448,450,371
449,136,452
450,452,453
451,453,415
452,135,455
453,455,456
454,456,413
456,160,502
457,502,503
458,503,504
459,504,505
460,505,506
461,506,507
462,507,508
463,508,509
464,509,510
465,510,511
466,511,512
467,512,513
468,513,514
469,514,515
470,515,516
471,516,517
473,546,520
475,520,521
476,521,522
477,522,523
478,523,524
505,518,546
506,517,551
507,551,518
518,557,540
522,543,555
523,555,557
528,540,558
530,560,557
533,520,519
540,558,565
542,565,566
544,566,567
546,567,568
548,568,569
550,569,570
552,570,571
554,571,572
556,572,573
558,573,574
560,574,575
562,575,576
564,576,577
566,577,578
568,578,579
570,579,580
572,580,581
574,581,582
576,582,583
578,583,584
580,584,585
582,585,586
584,586,587
586,587,588
588,588,589
590,589,590
592,590,591
594,591,592
596,592,593
598,593,594
605,531,599
607,594,599
608,531,600
609,600,301
611,598,601
612,601,392
614,301,602
616,602,302
622,602,606
623,606,605
624,603,607
626,607,608
628,608,609
629,609,604
630,604,610
631,610,611
632,605,603
634,594,531
635,601,531
637,555,559
639,559,614
643,524,615
644,615,616
649,614,620
658,624,625
659,625,626
666,628,629
668,630,598
674,634,635
680,637,634
684,640,641
685,641,642
686,642,559
690,644,645
691,645,646
692,646,614
695,540,647
696,647,530
697,562,647
698,647,558
705,654,653
706,653,620
708,655,560
709,620,656
715,659,658
716,658,656
717,656,660
720,661,655
725,664,663
726,660,665
729,666,661
730,663,660
735,669,668
736,665,670
739,671,666
740,668,665
745,674,673
746,673,670
747,670,675
750,676,671
755,679,678
756,678,675
757,675,680
760,681,676
794,639,544
799,629,696
805,697,698
806,698,694
811,696,702
818,704,705
819,702,706
825,709,705
826,706,710
828,708,709
833,713,709
834,710,714
836,712,713
841,717,713
842,716,717
843,714,718
849,721,717
850,720,721
851,718,722
857,725,721
858,724,725
859,722,726
865,729,725
866,726,730
868,728,729
873,733,729
874,730,734
876,732,733
881,737,733
882,734,738
884,736,737
889,741,737
890,738,742
892,740,741
897,745,741
898,742,746
900,744,745
905,749,745
906,746,750
908,748,749
913,753,749
914,750,754
916,752,753
921,757,753
922,754,758
924,756,757
929,761,757
930,758,762
932,760,761
937,762,763
940,764,761
950,768,637
951,633,769
952,769,768
954,770,697
955,693,771
956,771,770
958,772,700
960,773,772
962,774,773
963,699,775
964,775,774
966,776,704
968,777,776
970,778,777
971,703,779
972,779,778
974,780,708
976,781,780
978,782,781
979,707,783
980,783,782
982,784,712
984,785,784
986,786,785
987,711,787
988,787,786
990,788,716
992,789,788
994,790,789
995,715,791
996,791,790
998,792,720
1000,793,792
1002,794,793
1003,719,795
1004,795,794
1006,796,724
1008,797,796
1010,798,797
1011,723,799
1012,799,798
1014,800,728
1016,801,800
1018,802,801
1019,727,803
1020,803,802
1022,804,732
1024,805,804
1026,806,805
1027,731,807
1028,807,806
1030,808,736
1032,809,808
1034,810,809
1035,735,811
1036,811,810
1038,812,740
1040,813,812
1042,814,813
1043,739,815
1044,815,814
1046,816,744
1048,817,816
1050,818,817
1051,743,819
1052,819,818
1054,820,748
1056,821,820
1058,822,821
1059,747,823
1060,823,822
1062,824,752
1064,825,824
1066,826,825
1067,751,827
1068,827,826
1070,828,756
1072,829,828
1074,830,829
1075,755,831
1076,831,830
1078,832,760
1080,833,832
1082,834,833
1083,759,835
1084,835,834
1087,836,837
1091,838,839
1092,839,766
1100,599,844
1101,844,628
1110,611,849
1112,694,631
1113,639,850
1114,850,640
1115,643,851
1116,851,644
1118,852,654
1119,652,853
1120,853,852
1122,854,659
1123,657,855
1124,855,854
1126,856,664
1127,662,857
1128,857,856
1130,858,669
1131,667,859
1132,859,858
1134,860,674
1135,672,861
1136,861,860
1138,862,679
1139,677,863
1140,863,862
1150,868,543
1152,869,868
1153,544,870
1154,870,869
1163,642,614
1165,646,620
1167,653,656
1169,658,660
1171,663,665
1173,668,670
1175,673,675
1177,678,680
1186,700,695
1188,704,701
1190,708,705
1192,712,709
1196,720,717
1198,724,721
1200,728,725
1202,732,729
1204,736,733
1206,740,737
1208,744,741
1212,752,749
1214,756,753
1216,760,757
1217,629,631
1218,557,559
1219,560,614
1220,655,620
1221,661,656
1222,666,660
1223,671,665
1224,676,670
1225,681,675
1228,696,695
1229,702,701
1230,706,705
1231,710,709
1232,714,713
1233,718,717
1234,722,721
1235,726,725
1236,730,729
1237,734,733
1238,738,737
1239,742,741
1240,746,745
1241,750,749
1242,754,753
1243,758,757
1244,762,761
1246,763,764
1265,876,596
1269,562,877
1270,877,555
1271,626,878
1273,878,879
1275,879,880
1277,880,881
1279,881,882
1281,882,883
1282,883,627
1285,884,885
1286,885,553
1287,553,886
1289,886,887
1291,887,888
1293,888,889
1294,889,561
1295,546,890
1297,890,891
1298,891,553
1299,553,892
1300,892,621
1301,621,893
1302,893,622
1303,523,894
1305,894,895
1306,895,561
1308,624,896
1309,896,622
1311,897,898
1312,898,899
1313,899,903
1314,903,900
1315,900,902
1317,626,904
1318,904,897
1319,763,905
1321,905,906
1323,906,907
1325,907,908
1327,908,909
1329,909,910
1331,910,911
1345,914,915
1346,915,916
1347,916,917
1348,917,918
1349,918,919
1351,530,551
1362,926,883
1363,902,927
1364,927,926
1365,623,928
1366,928,624
1372,930,651
1381,933,935
1382,935,934
1383,596,936
1385,936,937
1386,937,934
1387,934,938
1389,938,939
1392,940,612
1393,929,941
1394,941,940
1397,942,943
1399,943,944
1400,944,649
1401,604,945
1403,945,946
1406,947,929
1407,929,948
1408,948,650
1409,650,949
1411,949,950
1412,950,931
1415,951,952
1417,952,953
1421,954,955
1423,955,956
1428,958,930
1429,946,959
1430,959,649
1431,934,960
1432,960,942
1433,939,961
1434,961,612
1435,607,962
1436,962,933
1437,650,963
1438,963,951
1439,957,964
1440,964,958
1441,932,965
1442,965,957
1443,931,966
1444,966,954
1445,953,967
1447,956,968
1449,967,969
1450,969,930
1451,968,970
1452,970,932
1453,764,971
1454,971,765
1455,392,972
1456,972,605
1460,605,876
1463,911,976
1464,976,977
1465,977,979
1468,980,982
1469,979,983
1470,983,980
1471,982,984
1472,984,985
1473,985,986
1475,987,988
1476,988,989
1477,989,990
1478,990,991
1479,991,992
1480,992,993
1481,993,994
1482,994,995
1483,995,996
1484,996,997
1487,998,981
1488,981,999
1489,999,997
1492,1000,1001
1494,1001,1002
1496,1002,1003
1498,1003,1004
1501,1005,922
1503,920,1006
1504,1006,922
1505,705,701
1506,701,695
1507,695,631
1508,631,630
1509,700,701
1510,694,695
1511,635,631
1512,596,1007
1513,1007,947
1514,919,1008
1515,1008,920
1516,1004,1009
1517,1009,1005
1518,117,1010
1519,1010,1011
1520,1011,1012
1521,103,1013
1522,1013,1014
1523,1014,1015
1524,136,1016
1525,1016,137
1526,135,1017
1527,1017,136
1528,367,1018
1529,1018,372
1530,363,1019
1531,1019,364
1532,369,1020
1533,1020,376
1534,368,1021
1535,1021,374
1536,360,1022
1537,1022,361
1538,765,1023
1539,1023,836
1540,1023,1024
1541,1024,1025
1543,1026,838
1544,837,1026
1545,1026,1027
1546,1027,1028
1547,1043,683
1548,683,684
1549,684,864
1550,864,1050
1551,1050,1032
1554,1029,623
1555,682,865
1556,865,1034
1557,1034,1035
1558,1035,1036
1559,1036,680
1560,680,1037
1561,687,867
1562,867,1040
1564,1040,1041
1565,1041,1042
1566,1042,1037
1567,1037,1043
1568,1036,1037
1570,1042,1043
1571,1032,687
1573,1045,1046
1574,1046,681
1575,1046,680
1576,1045,1037
1577,715,1051
1578,1051,719
1579,715,1052
1580,1052,711
1585,987,1053
1587,1053,1054
1589,1054,1055
1591,1055,1056
1592,1056,998
1593,998,1057
1594,1057,1000
1595,1000,1058
1596,1058,914
1597,914,1059
1599,1059,1060
1601,1060,1061
1603,1061,1062
1605,1062,1063
1607,1063,1064
1608,1064,1065
1609,1065,1066
1610,1066,764
1611,980,1067
1612,1067,998
1613,986,1068
1614,1068,987
1615,979,1069
1616,1069,1000
1617,976,1070
1618,1070,914
1619,551,552
1620,552,1029
1621,552,884
1622,687,1071
1623,1071,682
1624,682,1072
1625,1072,677
1626,677,1073
1627,1073,672
1628,672,1074
1629,1074,667
1630,667,1075
1631,1075,662
1632,662,1076
1633,1076,657
1634,657,1077
1635,1077,652
1636,652,1078
1637,1078,643
1638,643,1079
1639,1079,639
1640,711,1080
1641,1080,707
1642,707,1081
1643,1081,703
1644,703,1082
1645,1082,699
1646,699,1083
1647,1083,693
1648,693,1084
1649,1084,633
1650,719,1085
1651,1085,723
1652,723,1086
1653,1086,727
1654,727,1087
1655,1087,731
1656,731,1088
1657,1088,735
1658,735,1089
1659,1089,739
1660,739,1090
1661,1090,743
1662,743,1091
1663,1091,747
1664,766,1092
1665,1092,759
1666,759,1093
1667,1093,755
1668,755,1094
1669,1094,751
1671,605,1095
1672,1095,302
1673,519,562
